0.101562 
-0.031250 
-0.046875 
0.093750 
0.148438 
-0.039062 
0.343750 
0.148438 
0.203125 
0.234375 
-0.039062 
0.429688 
-0.289062 
0.296875 
0.312500 
0.164062 
0.109375 
0.156250 
0.257812 
0.093750 
0.132812 
0.015625 
0.070312 
0.070312 
0.148438 
0.078125 
0.039062 
-0.093750 
0.125000 
-0.109375 
-0.203125 
0.000000 
0.320312 
0.296875 
0.062500 
-0.117188 
0.234375 
-0.132812 
0.156250 
0.179688 
0.148438 
0.109375 
-0.070312 
0.117188 
-0.054688 
-0.101562 
-0.031250 
0.140625 
0.101562 
-0.085938 
0.117188 
-0.054688 
-0.023438 
0.093750 
0.109375 
-0.078125 
0.335938 
0.335938 
0.328125 
0.296875 
0.179688 
0.445312 
-0.218750 
0.132812 
0.078125 
0.140625 
0.335938 
-0.007812 
0.085938 
0.265625 
0.156250 
0.156250 
0.179688 
0.234375 
0.117188 
-0.093750 
-0.062500 
0.156250 
-0.117188 
0.117188 
0.046875 
0.304688 
0.156250 
0.265625 
-0.109375 
0.046875 
0.179688 
-0.359375 
0.062500 
0.140625 
-0.164062 
0.031250 
0.132812 
0.242188 
0.203125 
-0.078125 
0.164062 
0.171875 
0.125000 
0.156250 
-0.046875 
-0.046875 
0.117188 
0.007812 
-0.132812 
0.000000 
0.289062 
0.234375 
0.148438 
0.140625 
0.000000 
0.296875 
-0.140625 
0.226562 
0.039062 
0.062500 
0.320312 
-0.031250 
0.351562 
0.210938 
0.125000 
-0.023438 
0.218750 
0.226562 

